0.000 2904
0.101 3008
0.201 3040
0.302 3202
0.402 3182
0.503 3206
0.603 3230
0.704 3139
0.804 2975
0.905 2832
1.005 2696
1.106 2651
1.206 2682
1.307 2748
1.407 2652
1.508 2724
1.608 2725
1.709 2664
1.809 2698
1.910 2655
2.010 2760
2.111 2771
2.211 2658
2.312 2760
2.412 2721
2.513 2742
2.613 2728
2.714 2722
2.814 2653
2.915 2676
3.015 2718
3.116 2745
3.216 2681
3.317 2686
3.417 2755
3.518 2770
3.618 2759
3.719 2695
3.819 2724
3.920 2694
4.020 2834
4.121 2852
4.221 2898
4.322 2911
4.422 3004
4.523 3021
4.623 3079
4.724 3112
4.824 3078
4.925 3197
5.025 3217
5.126 3190
5.226 3174
5.327 3177
5.427 3160
5.528 3166
5.628 3156
5.729 3136
5.829 3219
5.930 3199
6.030 3132
6.131 3123
6.231 3046
6.332 2984
6.432 2996
6.533 2966
6.633 2877
6.734 2893
6.834 2911
6.935 1861
7.035 1854
7.136 1912
7.236 1905
7.337 1851
7.437 1890
7.538 1879
7.638 1849
7.739 1826
7.839 1851
7.940 1869
8.040 2879
8.141 2862
8.241 2943
8.342 2922
8.442 3009
8.543 3054
8.643 3083
8.744 3089
8.844 3077
8.945 3148
9.045 3188
9.146 3177
9.246 3236
9.347 3248
9.447 3157
9.548 3146
9.648 3166
9.749 3259
9.849 3260
9.950 3162
10.050 3171
10.151 3182
10.251 3133
10.352 3138
10.452 3146
10.553 3099
10.653 3101
10.754 3050
10.854 2957
10.955 2975
11.055 2955
11.156 2912
11.256 2873
11.357 2857
11.457 1838
11.558 1794
11.658 1817
11.759 1899
11.859 1787
11.960 1788
12.060 2895
12.161 3052
12.261 3201
12.362 3270
12.462 3301
12.563 3183
12.663 3202
12.764 3101
12.864 2948
12.965 2917
13.065 1718
13.166 1811
13.266 1760
13.367 1711
13.467 1736
13.568 1712
13.668 1739
13.769 1762
13.869 1777
13.970 1749
14.070 1727
14.171 1760
14.271 1743
14.372 1733
14.472 1728
14.573 1714
14.673 1744
14.774 1749
14.874 1799
14.975 1778
15.075 1783
15.176 1735
15.276 1731
15.377 1769
15.477 1776
15.578 1703
15.678 1705
15.779 1745
15.879 1708
15.980 1807
16.080 2920
16.181 2922
16.281 2924
16.382 2951
16.482 3090
16.583 3089
16.683 3137
16.784 3104
16.884 3108
16.985 3130
17.085 3210
17.186 3169
17.286 3193
17.387 3207
17.487 3130
17.588 3094
17.688 3155
17.789 3160
17.889 3132
17.990 3044
18.090 3027
18.191 3003
18.291 2985
18.392 2853
18.492 2842
18.593 1877
18.693 1911
18.794 1878
18.894 1931
18.995 1930
19.095 1834
19.196 1863
19.296 1946
19.397 1830
19.497 1886
19.598 1942
19.698 1925
19.799 1862
19.899 1899
20.000 1878
