20305 16611
20530 16820
20769 16985
20987 17224
21209 17408
21410 17589
21641 17802
21835 17983
22058 18188
22287 18362
22472 18547
22712 18761
22910 18916
23092 19092
23291 19259
23470 19438
23664 19597
23828 19757
24019 19910
24178 20072
24354 20226
24508 20346
24672 20493
24822 20613
24943 20740
25098 20863
25241 20997
25321 21092
25453 21181
25548 21268
25668 21370
25737 21469
25839 21511
25899 21581
25989 21647
26023 21731
26097 21749
26120 21788
26162 21824
26188 21845
26192 21847
26225 21842
26215 21866
26199 21866
26191 21837
26155 21828
26134 21786
26080 21750
26028 21719
25981 21663
25919 21595
25857 21536
25764 21468
25673 21396
25578 21317
25477 21194
25374 21116
25245 21005
20309 16606
20167 16456
19987 16290
19827 16135
19671 15982
19521 15841
19412 15705
19287 15588
19198 15485
19113 15436
19061 15358
19023 15324
19010 15326
19018 15318
19039 15358
19088 15379
19166 15458
19232 15534
19359 15632
19486 15784
19599 15897
19742 16073
19905 16219
20057 16379
20234 16531
20410 16711
20572 16857
20726 17038
20885 17189
21029 17347
21156 17468
21290 17595
21383 17704
21479 17794
21540 17847
21582 17900
21630 17914
21633 17934
21612 17915
21561 17876
21526 17826
21439 17739
21324 17637
21232 17540
21093 17407
20947 17266
20815 17114
20639 16967
20487 16809
20339 16616
15581 12401
15447 12296
15310 12194
15215 12077
15095 11984
14995 11885
14904 11819
14806 11727
14748 11661
14672 11582
14606 11545
14559 11519
14521 11473
14491 11451
14454 11396
14432 11386
14427 11401
14412 11373
14442 11370
14426 11412
14444 11405
14472 11459
14537 11458
14581 11513
14630 11578
14698 11639
14759 11686
14835 11735
14946 11836
15026 11941
15128 12008
15244 12116
15339 12203
15483 12305
15587 12424
15758 12552
15876 12688
16038 12827
16205 12965
16347 13090
16526 13244
16700 13416
16870 13571
17048 13715
17250 13889
17449 14079
17643 14240
17836 14420
18026 14603
18242 14783
18454 14984
18671 15162
18896 15367
19100 15534
19302 15737
19543 15936
19767 16124
19986 16313
20204 16512
20425 16712
20659 16919
20874 17114
21094 17298
21316 17495
21520 17697
21735 17889
21960 18084
22177 18292
22398 18457
22588 18639
22803 18829
23002 19018
23176 19171
23401 19354
23575 19519
23773 19691
23946 19845
24127 19991
24295 20142
24439 20303
24596 20430
24754 20546
24896 20673
25018 20812
25148 20911
25283 21028
25408 21141
25504 21229
25617 21323
25703 21415
25776 21493
25853 21570
25939 21609
25995 21671
26050 21736
26102 21766
26156 21804
26165 21827
26199 21848
26216 21868
26225 21863
26209 21858
26202 21845
26189 21835
26139 21808
26124 21773
26075 21741
26032 21701
25940 21627
25881 21578
25818 21501
25712 21438
25655 21334
25529 21269
25415 21163
25314 21049
20328 16632
20132 16439
19982 16289
19819 16137
19682 15978
19547 15834
19387 15716
19277 15572
19193 15517
19107 15425
19048 15373
19028 15306
18982 15320
19009 15310
19044 15335
19092 15414
19159 15475
19252 15536
19337 15651
19468 15786
19583 15896
19750 16037
19896 16222
20067 16363
20226 16533
20406 16691
20567 16855
20722 17036
20897 17184
21033 17336
21178 17467
21283 17588
21385 17699
21478 17785
21534 17852
21605 17915
21614 17923
21631 17916
21619 17914
21590 17887
21505 17819
21427 17727
21333 17655
21221 17528
21097 17398
20940 17269
20797 17094
20657 16958
20496 16796
20301 16628
15656 12479
15481 12351
15385 12249
15267 12122
15149 12026
15058 11935
14950 11860
14871 11768
14765 11693
14701 11647
14636 11587
14592 11519
14543 11479
14487 11453
14468 11421
14455 11398
14429 11394
14419 11375
14406 11370
14428 11391
14428 11417
14478 11424
14502 11454
14553 11486
14606 11537
14641 11575
14724 11660
14788 11736
14898 11796
14969 11876
15087 11966
15181 12058
15281 12166
15408 12273
15526 12369
15684 12503
15817 12617
15946 12754
16109 12887
16280 13030
16451 13184
16620 13334
16776 13476
16969 13647
17142 13811
17344 13989
17530 14158
17730 14324
17934 14499
18157 14697
18355 14867
18555 15072
18763 15243
18973 15451
19204 15633
19447 15831
19643 16035
19862 16227
20104 16422
20315 16620
20518 16831
20749 17022
20993 17210
21213 17426
21421 17578
21645 17795
21867 17989
22063 18175
22292 18358
22470 18565
22703 18721
22906 18910
23111 19102
23291 19266
23485 19424
23660 19587
23843 19758
24024 19933
24205 20061
24369 20197
24508 20359
24672 20487
24827 20610
24981 20736
25083 20873
25222 20992
25332 21100
25458 21191
25549 21283
25656 21383
25758 21450
25835 21527
25894 21583
25980 21655
26047 21713
26091 21773
26117 21796
26160 21830
26188 21831
26203 21858
26219 21875
26197 21850
26212 21846
26195 21847
26160 21821
26138 21803
26098 21762
26046 21704
25984 21658
25929 21596
25850 21526
25763 21465
25690 21402
25591 21302
25480 21203
25375 21107
25239 21005
20311 16625
20123 16454
19975 16291
19832 16125
19684 15980
19533 15820
19417 15704
19285 15604
19188 15493
19103 15437
19069 15354
19021 15328
19007 15312
19006 15322
19034 15335
19074 15378
19160 15447
19229 15546
19327 15645
19469 15768
19595 15924
19748 16056
19896 16201
20085 16372
20225 16520
20395 16702
20564 16858
20724 17047
20898 17209
21033 17348
21169 17462
21272 17589
21394 17694
21479 17784
21546 17838
21583 17894
21610 17925
21627 17929
21609 17919
21562 17861
21514 17825
21435 17729
21336 17642
21240 17539
21120 17403
20952 17276
20809 17119
20643 16949
20497 16788
20307 16623
15569 12400
15453 12315
15323 12190
15215 12059
15110 11975
14993 11890
14929 11806
14823 11744
14753 11677
14673 11598
14625 11548
14549 11518
14520 11476
14476 11436
14457 11415
14437 11383
14405 11381
14396 11372
14420 11387
14453 11404
14456 11432
14511 11433
14528 11479
14563 11511
14634 11556
14689 11634
14758 11676
14849 11743
14920 11825
15035 11923
15112 12020
15241 12112
15359 12189
15471 12311
15608 12442
15743 12562
15905 12693
16040 12814
16176 12965
16381 13133
16526 13255
16691 13410
16871 13561
17067 13728
17248 13904
17433 14055
17627 14240
17827 14439
18048 14589
18262 14788
18458 14965
18674 15148
18883 15352
19112 15547
19308 15741
19557 15950
19750 16137
19981 16338
20193 16533
20406 16719
20627 16934
20863 17104
21089 17306
21327 17499
21528 17690
21730 17895
21974 18082
22167 18271
22393 18466
22583 18622
22796 18830
22983 19021
23197 19173
23375 19332
23572 19523
23753 19682
23933 19837
24125 19994
24256 20135
24429 20296
24608 20409
24742 20570
24889 20675
25031 20792
25145 20922
25282 21017
25376 21136
25517 21229
25598 21335
25702 21418
25786 21484
25868 21569
25956 21628
26012 21683
26055 21726
26115 21752
26144 21802
26188 21838
26194 21858
26211 21854
26217 21834
26214 21857
26192 21871
26184 21826
26161 21821
26110 21790
26060 21738
26008 21696
25966 21633
25892 21568
25822 21514
25724 21448
25627 21344
25552 21244
25439 21165
25309 21071
20321 16640
20135 16445
19966 16290
19831 16126
19670 15970
19537 15835
19392 15715
19312 15620
19198 15500
19112 15417
19062 15357
19020 15350
19005 15305
19004 15303
19033 15363
19092 15404
19147 15461
19251 15544
19344 15657
19471 15763
19610 15898
19746 16058
19904 16204
20052 16372
20215 16537
20394 16719
20557 16864
20734 17049
20877 17174
21024 17337
21160 17473
21294 17584
21401 17687
21463 17779
21541 17852
21582 17895
21615 17931
21623 17914
21617 17916
21565 17883
21517 17813
21445 17741
21350 17637
21225 17524
21081 17411
20960 17265
20806 17107
20663 16963
20487 16777
20326 16625
15634 12456
15523 12343
15397 12237
15267 12105
15161 12031
15051 11937
14951 11855
14864 11776
14777 11708
14724 11632
14655 11561
14600 11524
14530 11473
14485 11443
14490 11457
14446 11402
14422 11399
14419 11355
14424 11394
14435 11380
14458 11393
14461 11433
14490 11455
14545 11500
14606 11527
14645 11590
14719 11653
14794 11728
14865 11782
14973 11868
15074 11960
15185 12055
15307 12168
15412 12257
15535 12388
15694 12514
15802 12624
15967 12751
16125 12878
16281 13029
16451 13167
16621 13331
16783 13483
16967 13650
17159 13814
17361 13990
17548 14147
17738 14327
17945 14505
18149 14700
18342 14880
18571 15058
18745 15253
18994 15438
19207 15637
19431 15838
19650 16024
19863 16228
20086 16425
20311 16609
20536 16808
20747 17005
20977 17215
21215 17418
21411 17602
21655 17800
21848 17984
22070 18180
22277 18359
22503 18549
22701 18726
22877 18915
23093 19086
23275 19258
23469 19436
23675 19602
23824 19759
24028 19909
24191 20060
24367 20209
24513 20361
24657 20484
24816 20622
24979 20763
25091 20864
25210 20967
25322 21091
25431 21164
25543 21266
25656 21364
25745 21446
25841 21520
25905 21594
25956 21652
26021 21706
26076 21740
26120 21781
26162 21814
26175 21840
26186 21861
26221 21844
26226 21843
26206 21862
26202 21835
26184 21823
26143 21802
26097 21759
26041 21725
25977 21661
25926 21610
25851 21532
25765 21460
25682 21375
25561 21322
25474 21216
25387 21098
25258 21018
20311 16619
20138 16456
19975 16302
19827 16112
19685 15969
19528 15830
19395 15723
19282 15606
19211 15508
19107 15420
19045 15374
19012 15326
18996 15314
19007 15329
19029 15353
19087 15405
19159 15447
19235 15531
19341 15655
19460 15785
19593 15910
19746 16049
19924 16208
20059 16377
20209 16541
20402 16706
20566 16899
20748 17039
20881 17194
21030 17325
21171 17484
21295 17588
21404 17678
21482 17781
21561 17845
21581 17880
21629 17932
21618 17920
21597 17930
21570 17890
21510 17818
21447 17747
21336 17639
21226 17539
21097 17414
20949 17252
20815 17098
20650 16961
20463 16770
20330 16619
15586 12400
15434 12306
15320 12203
15201 12056
15111 12002
15002 11889
14916 11814
14821 11727
14717 11679
14667 11617
14620 11564
14553 11492
14515 11476
14466 11424
14460 11419
14430 11390
14427 11373
14425 11387
14419 11379
14439 11409
14454 11411
14499 11439
14528 11498
14565 11508
14629 11572
14698 11614
14773 11691
14854 11768
14917 11839
15037 11927
15115 12025
15247 12093
15361 12202
15470 12323
15601 12427
15745 12558
15879 12681
16028 12834
16209 12954
16362 13116
16517 13249
16689 13409
16888 13568
17064 13713
17214 13890
17452 14056
17644 14235
17817 14420
18029 14604
18253 14776
18445 14984
18659 15163
18882 15355
19087 15561
19321 15737
19537 15936
19760 16127
19969 16317
20203 16536
20431 16729
20654 16902
20875 17117
21103 17309
21311 17517
21525 17699
21741 17889
21980 18092
22178 18300
22389 18466
22600 18659
22789 18821
22996 18980
23171 19188
23394 19357
23579 19519
23758 19694
23930 19840
24114 19993
24286 20146
24455 20281
24591 20433
24748 20576
24886 20672
25013 20836
25168 20917
25266 21026
25400 21158
25492 21232
25605 21331
25688 21414
25782 21517
25852 21570
25938 21618
26003 21675
26065 21717
26112 21755
26159 21811
26164 21844
26199 21831
26201 21868
26228 21861
26207 21855
26191 21852
26162 21847
26163 21803
26111 21778
26079 21737
26010 21696
25935 21637
25891 21572
25798 21503
25723 21418
25637 21346
25542 21268
25427 21159
25320 21062
20302 16618
20142 16453
19973 16279
19824 16135
19667 15994
19538 15841
19419 15712
19287 15595
19187 15509
19120 15413
19049 15372
19027 15331
19026 15317
19012 15317
19042 15339
19085 15389
19154 15454
19215 15538
19347 15653
19475 15772
19592 15905
19749 16057
19900 16197
20062 16394
20237 16559
20417 16706
20563 16859
20745 17022
20885 17177
21017 17341
21150 17479
21296 17592
21385 17688
21469 17793
21541 17856
21601 17891
21614 17925
21620 17939
21604 17915
21560 17896
21514 17811
21422 17732
21345 17641
21243 17527
21117 17409
20962 17254
20790 17109
20673 16951
20486 16803
20319 16603
15642 12459
15503 12356
15385 12264
15264 12120
15150 12041
15034 11934
14948 11879
14873 11775
14776 11712
14702 11618
14645 11586
14576 11534
14545 11494
14499 11443
14463 11424
14438 11394
14431 11390
14412 11377
14426 11371
14430 11399
14446 11414
14478 11426
14514 11469
14541 11508
14608 11552
14650 11608
14746 11649
14812 11730
14876 11804
14984 11882
15080 11984
15190 12057
15280 12165
15422 12264
15523 12369
15667 12506
15811 12606
15960 12772
16129 12896
16284 13031
16439 13158
16600 13342
16781 13471
16954 13651
17153 13822
17344 13955
17532 14155
17752 14339
17932 14508
18142 14688
18340 14861
18565 15059
18783 15239
18982 15441
19201 15633
19437 15844
19659 16037
19855 16230
20084 16416
20305 16610
